35;136	140;207	245;278	350;349	455;420	560;491	665;562	
	425;399	455;420	485;440	515;460	545;481	
364;34	394;54	425;75	455;460	485;481	515;501	
334;420	364;440	394;95	425;115	455;501	485;521	
304;440	334;460	364;115	394;136	425;521	455;542	
274;95	304;115	334;136	364;521	394;542	425;562	
244;481	274;501	304;521	334;542	364;562	394;582	
214;501	244;521	274;542	304;562	334;582	364;603	
184;521	214;176	244;197	274;217	304;603	334;623	
154;542	184;562	214;582	244;603	274;623	304;643	
124;562	154;582	184;603	214;623	244;643	274;664	
3;585	262;605	291;625	320;644	
116;546	146;565	175;585	204;605	233;625	262;644	291;664	
576;547	598;561	
165;297	187;312	208;63	230;78	252;356	273;371	295;122	316;137	338;415	360;429	381;444	403;459	425;473	446;488	468;503	490;254	511;269	533;547	555;561	576;576	
143;312	165;327	187;78	208;93	230;107	252;122	273;137	295;151	316;429	338;444	360;459	381;473	403;225	425;239	446;254	468;269	490;547	511;561	533;576	555;591	
122;327	143;341	165;356	187;107	208;122	230;137	252;151	273;166	295;444	316;459	338;473	360;225	381;239	403;517	425;532	446;547	468;561	490;576	511;591	533;605	
100;341	122;356	143;371	165;385	187;400	208;415	230;166	252;181	273;459	295;473	316;488	338;239	360;254	381;532	403;547	425;561	446;576	468;591	490;605	511;620	
78;356	100;371	122;385	143;400	165;415	187;429	208;181	230;195	252;473	273;488	295;503	316;254	338;269	360;283	381;298	403;313	425;327	446;605	468;620	490;635	
57;371	78;385	100;400	122;415	143;429	165;444	187;459	208;473	230;488	252;503	273;517	295;532	316;547	338;561	360;576	381;591	403;605	425;620	446;635	468;649	
35;385	57;400	78;415	100;429	122;444	143;459	165;473	187;488	208;503	230;517	252;532	273;547	295;561	316;576	338;591	360;605	381;620	403;635	425;649	446;664	
388;211	395;251	403;230	410;243	417;248	424;235	431;257	438;279	445;293	452;263	459;277	466;307	473;269	480;291	487;279	495;309	502;323	509;336	516;315	523;294	530;350	537;304	544;360	551;356	558;335	565;374	572;345	579;358	587;363	594;368	601;364	608;403	615;399	622;387	629;400	636;397	
275;153	282;140	289;171	296;150	303;172	311;185	318;207	325;195	332;217	339;222	346;227	353;223	360;236	367;232	374;246	381;225	388;264	395;226	403;248	410;253	417;257	424;271	431;267	438;255	445;302	452;281	459;260	466;317	473;313	480;318	487;280	495;284	502;324	509;303	516;350	523;347	530;334	537;365	544;352	551;374	558;328	565;358	572;346	579;385	587;390	594;395	601;356	608;387	615;409	622;379	629;401	
268;158	275;171	282;167	289;189	296;160	303;207	311;195	318;200	325;187	332;209	339;214	346;219	353;250	360;246	367;233	374;230	381;234	388;248	395;278	403;275	410;288	417;250	424;298	431;268	438;264	445;286	452;265	459;287	466;292	473;305	480;319	487;341	495;311	502;342	509;338	516;360	523;322	530;318	537;357	544;328	551;358	558;389	565;351	572;364	579;403	587;382	594;396	601;418	608;422	615;384	622;406	
261;197	268;159	275;181	282;160	289;190	296;195	303;191	311;187	318;227	325;223	332;219	339;250	346;237	353;233	360;238	367;260	374;222	381;253	388;232	395;236	403;267	410;289	417;251	424;299	431;295	438;308	445;313	452;309	459;331	466;310	473;324	480;320	487;307	495;329	502;343	509;339	516;335	523;357	530;362	537;332	544;363	551;368	558;373	565;395	572;408	579;370	587;392	594;422	601;401	608;380	615;411	
254;184	261;163	268;160	275;190	282;204	289;208	296;222	303;209	311;188	318;219	325;224	332;211	339;208	346;255	353;243	360;265	367;253	374;232	381;245	388;258	395;272	403;285	410;256	417;312	424;317	431;270	438;283	445;305	452;310	459;298	466;320	473;299	480;329	487;326	495;348	502;352	509;331	516;379	523;367	530;380	537;368	544;373	551;360	558;391	565;378	572;392	579;414	587;384	594;432	601;394	608;416	
247;198	254;168	261;216	268;195	275;200	282;205	289;227	296;188	303;210	311;224	318;254	325;259	332;238	339;243	346;222	353;235	360;257	367;279	374;241	381;255	388;277	395;273	403;286	410;282	417;296	424;275	431;305	438;310	445;298	452;311	459;316	466;338	473;317	480;339	487;318	495;357	502;336	509;341	516;363	523;359	530;373	537;377	544;374	551;361	558;400	565;379	572;375	579;380	587;385	594;416	601;420	
240;185	247;173	254;195	261;208	268;205	275;227	282;223	289;228	296;232	303;246	311;242	318;255	325;252	332;222	339;278	346;266	353;262	360;241	367;272	374;251	381;281	388;269	395;274	403;322	410;301	417;331	424;302	431;289	438;337	445;325	452;329	459;351	466;313	473;344	480;349	487;336	495;358	502;389	509;351	516;398	523;377	530;399	537;413	544;418	551;379	558;384	565;406	572;419	579;407	587;412	594;425	
233;164	240;221	247;183	254;213	261;218	268;223	275;219	282;224	289;211	296;225	303;221	311;260	318;256	325;278	332;232	339;271	346;241	353;272	360;302	367;256	374;269	381;274	388;296	395;275	403;288	410;327	417;289	424;328	431;342	438;304	445;343	452;313	459;361	466;366	473;353	480;332	487;372	495;359	502;364	509;395	516;391	523;396	530;418	537;371	544;393	551;406	558;394	565;416	572;412	579;442	587;430	
226;195	233;174	240;213	247;192	254;223	261;193	268;207	275;220	282;233	289;212	296;252	303;231	311;244	318;275	325;279	332;293	339;272	346;251	353;307	360;269	367;317	374;296	381;318	388;305	395;302	403;289	410;337	417;325	424;355	431;334	438;356	445;352	452;349	459;362	466;358	473;354	480;368	487;390	495;403	502;382	509;387	516;374	523;388	530;401	537;389	544;411	551;390	558;412	565;451	572;421	579;435	
218;191	226;213	233;192	240;240	247;202	254;250	261;229	268;233	275;212	282;269	289;248	296;278	303;275	311;262	318;284	325;272	332;285	339;281	346;303	353;291	360;296	367;301	374;280	381;310	388;315	395;294	403;316	410;312	417;326	424;339	431;344	438;340	445;345	452;341	459;389	466;359	473;373	480;351	487;382	495;361	502;366	509;397	516;375	523;406	530;394	537;433	544;403	551;399	558;404	565;418	572;440	
211;205	218;218	226;214	233;219	240;198	247;220	254;216	261;238	268;243	275;231	282;278	289;275	296;254	303;267	311;289	318;259	325;281	332;269	339;317	346;313	353;326	360;305	367;284	374;315	381;303	388;325	395;347	403;326	410;339	417;370	424;323	431;328	438;384	445;389	452;351	459;390	466;403	473;391	480;387	487;418	495;397	502;393	509;406	516;411	523;398	530;403	537;417	544;430	551;426	558;457	565;444	
204;184	211;188	218;193	226;215	233;246	240;208	247;255	254;226	261;231	268;270	275;240	282;288	289;284	296;246	303;268	311;264	318;286	325;291	332;313	339;275	346;314	353;310	360;306	367;303	374;325	381;338	388;317	395;339	403;352	410;349	417;353	424;358	431;346	438;385	445;347	452;377	459;365	466;361	473;392	480;371	487;427	495;406	502;411	509;416	516;412	523;399	530;430	537;443	544;414	551;453	558;449	
197;231	204;245	211;207	218;237	226;242	233;255	240;243	247;248	254;253	261;257	268;254	275;241	282;298	289;268	296;281	303;295	311;291	318;322	325;283	332;323	339;310	346;306	353;328	360;325	367;329	374;326	381;339	388;318	395;349	403;353	410;332	417;372	424;394	431;364	438;351	445;356	452;387	459;400	466;397	473;375	480;415	487;419	495;442	502;446	509;399	516;456	523;435	530;440	537;444	544;441	551;454	
190;219	197;232	204;229	211;233	218;221	226;252	233;274	240;270	247;257	254;245	261;241	268;255	275;277	282;290	289;286	296;317	303;270	311;309	318;305	325;293	332;324	339;328	346;342	353;312	360;334	367;339	374;344	381;357	388;345	395;358	403;389	410;368	417;364	424;351	431;374	438;361	445;392	452;397	459;427	466;406	473;394	480;390	487;420	495;417	502;404	509;409	516;457	523;470	530;458	537;463	544;459	
183;198	190;237	197;233	204;230	211;269	218;256	226;253	233;257	240;279	247;284	254;289	261;259	268;273	275;312	282;291	289;322	296;275	303;288	311;293	318;298	325;311	332;325	339;329	346;360	353;313	360;335	367;323	374;328	381;384	388;380	395;368	403;373	410;351	417;374	424;396	431;392	438;397	445;375	452;432	459;428	466;433	473;403	480;425	487;421	495;435	502;440	509;444	516;466	523;428	530;459	537;464	
176;203	183;208	190;221	197;260	204;222	211;244	218;275	226;262	233;267	240;298	247;277	254;290	261;295	268;308	275;279	282;275	289;314	296;293	303;315	311;311	318;316	325;312	332;317	339;356	346;335	353;349	360;353	367;367	374;380	381;368	388;347	395;351	403;356	410;387	417;392	424;371	431;384	438;397	445;437	452;390	459;420	466;425	473;430	480;435	487;414	495;453	502;466	509;428	516;467	523;464	530;468	
169;216	176;255	183;269	190;256	197;253	204;240	211;279	218;267	226;263	233;285	240;281	247;303	254;265	261;270	268;283	275;331	282;293	289;332	296;303	303;316	311;304	318;308	325;348	332;370	339;349	346;371	353;375	360;389	367;394	374;355	381;377	388;374	395;404	403;418	410;379	417;427	424;406	431;411	438;416	445;420	452;408	459;430	466;443	473;457	480;419	487;449	495;445	502;450	509;438	516;451	523;473	
162;238	169;217	176;248	183;261	190;275	197;262	204;293	211;272	218;277	226;281	233;269	240;265	247;296	254;275	261;305	268;293	275;315	282;328	289;333	296;347	303;334	311;322	318;344	325;357	332;336	339;350	346;372	353;342	360;373	367;403	374;391	381;370	388;366	395;397	403;393	410;432	417;419	424;416	431;420	438;442	445;421	452;461	459;440	466;436	473;466	480;445	487;450	495;464	502;494	509;465	516;478	
155;243	162;248	169;227	176;266	183;262	190;276	197;246	204;268	211;264	218;286	226;300	233;296	240;326	247;305	254;327	261;315	268;311	275;325	282;338	289;317	296;322	303;344	311;323	318;353	325;350	332;380	339;368	346;398	353;360	360;365	367;387	374;366	381;371	388;410	395;423	403;437	410;433	417;446	424;425	431;413	438;418	445;448	452;419	459;466	466;454	473;459	480;472	487;477	495;473	502;478	509;483	
148;231	155;253	162;275	169;279	176;267	183;272	190;277	197;264	204;295	211;274	218;270	226;292	233;331	240;293	247;306	254;328	261;325	268;338	275;317	282;339	289;361	296;366	303;371	311;358	318;372	325;351	332;347	339;377	346;356	353;387	360;383	367;397	374;384	381;432	388;411	395;407	403;446	410;408	417;421	424;461	431;422	438;453	445;432	452;480	459;459	466;455	473;477	480;473	487;461	495;491	502;488	
141;227	148;283	155;288	162;293	169;255	176;277	183;256	190;286	197;274	204;279	211;301	218;314	226;310	233;341	240;320	247;299	254;338	261;334	268;313	275;344	282;349	289;371	296;358	303;337	311;376	318;390	325;386	332;399	339;413	346;392	353;422	360;401	367;406	374;411	381;416	388;420	395;442	403;430	410;418	417;457	424;419	431;449	438;445	445;459	452;438	459;451	466;473	473;478	480;491	487;488	495;492	
134;266	141;254	148;267	155;263	162;277	169;264	176;260	183;317	190;296	197;326	204;288	211;336	218;341	226;303	233;333	240;338	247;334	254;313	261;335	268;349	275;328	282;375	289;380	296;351	303;398	311;351	318;382	325;361	332;374	339;414	346;410	353;415	360;419	367;398	374;412	381;425	388;421	395;435	403;414	410;470	417;449	424;463	431;450	438;438	445;443	452;482	459;478	466;474	473;462	480;492	487;497	
126;236	134;276	141;298	148;277	155;264	162;278	169;265	176;296	183;326	190;305	197;284	204;315	211;320	218;307	226;355	233;334	240;365	247;335	254;323	261;353	268;332	275;363	282;368	289;364	296;351	303;408	311;378	318;366	325;379	332;375	339;432	346;394	353;424	360;438	367;408	374;447	381;435	388;431	395;462	403;441	410;463	417;459	424;464	431;460	438;473	445;495	452;509	459;488	466;501	473;523	480;502	
119;284	126;263	134;251	141;264	148;260	155;282	162;322	169;292	176;305	183;336	190;289	197;311	204;325	211;338	218;360	226;348	233;344	240;323	247;379	254;358	261;337	268;368	275;364	282;360	289;399	296;413	303;418	311;379	318;410	325;380	332;402	339;407	346;429	353;425	360;447	367;461	374;448	381;462	388;475	395;445	403;459	410;464	417;443	424;473	431;495	438;483	445;462	452;484	459;497	466;493	473;507	
112;255	119;294	126;307	134;295	141;282	148;296	155;283	162;323	169;336	176;315	183;337	190;325	197;312	204;351	211;356	218;344	226;366	233;379	240;367	247;346	254;368	261;373	268;351	275;356	282;370	289;409	296;388	303;393	311;389	318;411	325;442	332;429	339;425	346;421	353;409	360;431	367;470	374;441	381;454	388;433	395;455	403;468	410;465	417;469	424;457	431;488	438;475	445;480	452;502	459;490	466;512	
105;277	112;281	119;286	126;274	134;270	141;326	148;305	155;327	162;324	169;311	176;325	183;321	190;343	197;322	204;370	211;374	218;353	226;358	233;363	240;351	247;347	254;403	261;382	268;387	275;374	282;422	289;393	296;406	303;402	311;424	318;420	325;425	332;447	339;418	346;431	353;419	360;441	367;463	374;485	381;438	388;468	395;473	403;478	410;500	417;496	424;492	431;506	438;528	445;498	452;520	459;516	
98;264	105;278	112;282	119;270	126;275	134;305	141;302	148;324	155;337	162;299	169;312	176;360	183;365	190;352	197;340	204;362	211;358	218;380	226;342	233;355	240;369	247;356	254;361	261;374	268;379	275;401	282;415	289;402	296;416	303;420	311;425	318;439	325;435	332;457	339;444	346;441	353;454	360;433	367;489	374;477	381;465	388;504	395;483	403;479	410;475	417;471	424;485	431;524	438;503	445;534	452;521	
91;295	98;317	105;287	112;318	119;305	126;336	134;298	141;346	148;342	155;338	162;343	169;339	176;344	183;340	190;362	197;332	204;346	211;351	218;364	226;351	233;365	240;387	247;383	254;379	261;419	268;423	275;428	282;407	289;429	296;425	303;404	311;409	318;422	325;470	332;458	339;437	346;433	353;472	360;451	367;490	374;452	381;457	388;462	395;510	403;497	410;485	417;515	424;486	431;499	438;504	445;526	
84;308	91;287	98;292	105;314	112;319	119;315	126;320	134;333	141;321	148;326	155;339	162;335	169;323	176;353	183;358	190;354	197;359	204;364	211;377	218;399	226;413	233;418	240;414	247;419	254;432	261;437	268;398	275;395	282;408	289;421	296;418	303;448	311;436	318;475	325;471	332;442	339;464	346;451	353;490	360;478	367;474	374;496	381;484	388;514	395;528	403;507	410;529	417;542	424;513	431;517	438;531	
77;296	84;309	91;288	98;302	105;298	112;320	119;333	126;321	134;334	141;356	148;361	155;357	162;328	169;375	176;346	183;368	190;381	197;369	204;382	211;378	218;383	226;397	233;427	240;432	247;419	254;390	261;395	268;434	275;421	282;435	289;422	296;444	303;475	311;454	318;467	325;464	332;460	339;447	346;452	353;509	360;496	367;492	374;489	381;476	388;498	395;537	403;516	410;538	417;543	424;557	431;536	
70;275	77;288	84;310	91;324	98;303	105;307	112;329	119;326	126;365	134;327	141;340	148;345	155;358	162;337	169;342	176;398	183;377	190;365	197;370	204;418	211;388	218;427	226;380	233;411	240;424	247;429	254;425	261;430	268;461	275;431	282;444	289;458	296;428	303;459	311;446	318;494	325;490	332;478	339;500	346;479	353;484	360;506	367;502	374;533	381;520	388;508	395;504	403;526	410;514	417;527	424;540	
63;305	70;310	77;289	84;303	91;316	98;347	105;308	112;339	119;318	126;357	134;336	141;384	148;363	155;351	162;373	169;369	176;374	183;370	190;374	197;397	204;419	211;406	218;394	226;398	233;446	240;451	247;404	254;461	261;440	268;444	275;449	282;437	289;485	296;446	303;468	311;473	318;487	325;509	332;470	339;510	346;480	353;528	360;524	367;537	374;508	381;547	388;500	395;557	403;518	410;540	417;545	
56;310	63;298	70;346	77;333	84;304	91;334	98;356	105;327	112;374	119;328	126;332	134;363	141;359	148;364	155;403	162;382	169;387	176;418	183;388	190;410	197;415	204;437	211;390	218;412	226;399	233;430	240;443	247;440	254;419	261;458	268;428	275;459	282;489	289;468	296;447	303;452	311;500	318;488	325;518	332;480	339;502	346;524	353;486	360;534	367;495	374;500	381;539	388;553	395;515	403;562	410;550	
49;341	56;346	63;316	70;329	77;343	84;365	91;335	98;323	105;328	112;358	119;372	126;342	134;355	141;395	148;374	155;404	162;418	169;371	176;401	183;423	190;411	197;442	204;420	211;425	218;421	226;418	233;422	240;444	247;475	254;480	261;459	268;464	275;451	282;482	289;452	296;457	303;496	311;467	318;523	325;502	332;524	339;494	346;499	353;495	360;535	367;522	374;527	381;540	388;571	395;567	403;555	
42;337	49;350	56;329	63;334	70;330	77;344	84;374	91;371	98;375	105;389	112;385	119;364	126;351	134;365	141;404	148;366	155;397	162;401	169;423	176;394	183;424	190;403	197;417	204;430	211;452	218;414	226;462	233;466	240;463	247;467	254;455	261;460	268;473	275;469	282;483	289;479	296;492	303;523	311;519	318;498	325;512	332;508	339;495	346;509	353;505	360;561	367;523	374;545	381;550	388;546	395;560	
34;316	42;347	49;360	56;348	63;327	70;374	77;362	84;358	91;354	98;342	105;398	112;403	119;382	126;396	134;392	141;397	148;384	155;389	162;419	169;390	176;420	183;408	190;404	197;426	204;431	211;436	218;466	226;463	233;450	240;481	247;460	254;482	261;487	268;491	275;470	282;518	289;514	296;493	303;524	311;503	318;516	325;521	332;509	339;557	346;536	353;549	360;528	367;567	374;572	381;568	388;564	
83	381;480	388;492	394;528	400;509	407;536	413;525	
85;320	92;340	98;313	105;340	111;329	117;357	124;322	130;366	137;362	143;359	150;363	156;360	162;364	169;361	175;381	182;354	188;366	195;370	201;382	207;371	214;383	220;403	227;400	233;396	240;432	246;436	252;441	259;422	265;442	272;438	278;419	285;423	291;435	298;479	304;468	310;449	317;445	323;481	330;462	336;497	343;463	349;467	355;471	362;515	368;503	375;492	381;520	388;493	394;505	400;510	407;530	
79;332	85;313	92;317	98;337	105;341	111;338	117;342	124;354	130;343	137;347	143;360	150;356	156;345	162;373	169;377	175;374	182;378	188;382	195;394	201;414	207;427	214;431	220;428	227;432	233;444	240;448	246;414	253;410	259;422	265;435	272;431	278;459	285;448	291;483	298;480	304;453	310;473	317;462	323;497	330;486	336;483	343;502	349;491	355;519	362;531	368;512	375;532	381;544	388;517	394;522	400;534	
72;320	79;333	85;314	92;326	98;322	105;342	111;354	117;343	124;355	130;375	137;380	143;376	150;349	156;393	163;366	169;386	175;398	182;387	188;399	195;395	201;400	207;412	214;440	220;444	227;433	233;406	240;410	246;446	253;435	259;447	265;435	272;455	278;483	285;464	291;476	298;473	304;469	310;458	317;463	323;514	330;502	336;499	343;496	349;484	355;504	362;540	368;521	375;541	381;545	388;557	394;538	
66;301	72;314	79;334	85;346	92;327	98;331	105;351	111;347	117;383	124;348	130;361	137;365	143;377	150;358	156;362	163;414	169;394	175;383	182;388	188;431	195;404	201;440	207;397	214;425	220;437	227;442	233;438	240;442	246;470	253;443	259;455	265;468	272;441	278;469	285;457	291;501	298;497	304;486	310;506	317;487	323;491	330;511	336;508	343;536	349;524	355;513	362;510	368;530	375;518	381;530	388;543	
60;329	66;334	72;314	79;327	85;339	92;367	98;332	105;360	111;341	117;376	124;357	130;401	137;381	143;370	150;390	156;387	163;391	169;388	175;392	182;412	188;432	195;421	201;409	207;414	214;457	220;462	227;419	233;470	240;451	246;455	253;460	259;449	265;492	272;457	278;477	285;482	291;494	298;514	304;479	310;515	317;488	323;531	330;528	336;540	343;513	349;549	355;506	362;557	368;523	375;543	381;547	
53;334	60;322	66;366	72;354	79;327	85;355	92;375	98;348	105;392	111;349	117;354	124;381	130;378	137;382	143;418	150;399	156;403	163;431	169;404	175;424	182;428	188;448	195;406	201;426	207;415	214;442	220;455	227;451	233;432	240;468	246;441	253;469	259;496	265;477	272;458	278;463	285;506	291;495	298;522	304;488	310;508	317;528	323;493	330;536	336;502	343;506	349;542	355;554	362;519	368;563	375;551	
47;361	53;366	60;339	66;351	72;363	79;383	85;356	92;345	98;349	105;377	111;389	117;362	124;375	130;410	137;391	143;419	150;431	156;388	163;416	169;436	175;425	182;453	188;434	195;438	201;435	207;431	214;435	220;455	227;483	233;488	240;469	246;473	253;462	259;489	265;463	272;467	278;502	285;476	291;527	298;508	304;528	310;501	317;505	323;502	330;537	336;526	343;530	349;543	355;570	362;567	368;556	
40;358	47;370	53;351	60;355	66;352	72;364	79;392	85;388	92;393	98;405	105;401	111;382	117;371	124;383	130;419	137;384	143;412	150;416	156;436	163;409	169;437	175;418	182;430	188;442	195;462	201;428	207;471	214;475	220;472	227;476	233;465	240;469	246;482	253;478	259;490	265;487	272;499	278;527	285;523	291;504	298;516	304;513	310;502	317;514	323;510	330;562	336;527	343;547	349;551	355;548	362;560	
34;339	40;367	47;379	53;367	60;348	66;392	72;381	79;377	85;374	92;362	98;414	105;418	111;399	117;411	124;408	130;412	137;401	143;405	150;433	156;406	163;434	169;422	175;419	182;439	188;443	195;448	201;475	208;472	214;461	220;489	227;469	233;489	240;494	246;498	253;479	259;522	265;519	272;500	278;528	285;509	291;521	298;525	304;514	310;557	317;538	323;550	330;531	336;567	343;571	349;568	355;564	
4	358;566	
34;347	40;375	46;387	53;375	59;357	65;400	72;388	78;385	85;382	91;370	97;421	104;425	110;407	116;419	123;415	129;419	136;408	142;413	148;440	155;413	161;441	167;430	174;426	180;446	186;451	193;455	199;482	206;479	212;468	218;495	225;476	231;496	237;500	244;505	250;486	256;529	263;525	269;507	276;534	282;515	288;527	295;532	301;520	307;563	314;545	320;557	326;538	333;573	339;577	346;574	352;570	
